5000
-7870 9976
-1866 7008
-927 2448
-7831 3668
3076 -5893
-4784 7708
8638 -9908
-9735 9411
9292 -7429
6124 3513
-4095 -6231
328 7489
-9009 2240
3931 -2843
3119 -9063
-2979 -2583
1997 5944
9994 -643
-6189 -2639
7770 9260
2192 -2642
9631 7345
-8156 3720
-3334 -1111
-5045 -2094
9594 -93
3523 822
8147 -7468
-4740 -7753
55 7592
-1508 -1707
979 -5165
6667 9647
-7159 1093
1186 1315
-2427 -5317
5707 -1359
3966 1234
2004 5022
1771 5751
-8330 -8460
-6305 -4326
7645 -1338
-2366 3745
-525 5840
4078 9753
-1971 5821
-3389 -6777
-5807 5859
-5209 -7588
6690 938
-194 -8826
-3797 4842
-639 -5116
-1468 1617
-7746 -6510
9507 7555
-1716 1634
-7006 6108
-1911 -6196
-2072 -2863
-4173 636
-745 3989
-1089 617
6034 5111
4825 -8122
7369 3048
1688 7122
7682 9467
-6467 -3030
-8186 8198
-8120 2270
9829 -252
279 7392
-8186 -1060
-8803 -5992
879 9981
-9126 -2187
4750 832
6460 9695
9986 3439
1362 9352
7561 -3548
-4535 -5216
8742 3370
-507 4296
-7826 4608
-2819 -674
-656 -6212
-7692 -7465
3103 5868
5136 6283
-1763 -1129
5144 -1367
-7643 -4478
-5362 2123
-1963 -6513
-9017 9157
4439 1056
7747 -2377
-4886 4857
-2898 -4030
4145 7524
-46 23
-9192 -5523
2294 8171
-9089 -8339
7254 8583
-1755 -5211
-2144 -2341
-7439 7264
-9783 -1870
-9153 -5797
2507 -1983
5286 4129
2108 1946
-1054 -3314
6443 9693
7875 8501
2169 -9555
-4142 -4771
-431 1184
5050 230
-6139 -4464
-9958 3273
5447 4432
2150 -290
1985 -8776
8917 951
9586 -7839
-3669 -8822
4038 3756
1923 -8372
-4080 -1796
9496 9144
1350 -4764
-4560 -6674
25 7067
-890 -5831
7632 -3988
1106 -3415
2880 5002
-6025 9759
-9014 2721
3210 -7545
-2287 7560
3450 2207
8214 3570
3359 -9674
-4174 7715
7683 -2640
6607 1440
-1272 358
-9372 3711
1813 3178
-9749 2398
5856 7176
-5952 -3633
4889 2824
-5096 1425
-7663 -81
-9445 9210
-8410 2469
-2688 -7344
3084 -1454
-4316 2039
121 4258
-2169 7716
3277 7368
-1629 944
7451 -7394
4553 -8727
5625 2538
7802 -606
3424 5308
8543 8523
8384 7571
-6459 -5509
-7580 -3168
1240 1961
-6243 483
-5637 -4005
-8435 9425
-927 -6923
5427 8823
7660 -8845
1550 984
960 4850
-3985 -5934
1314 4520
-2592 -2113
-1678 -5068
5642 8088
7586 -784
5416 -4877
-4782 -3069
2566 4173
-4278 7219
-7243 5090
9811 -7113
-2514 -3975
4018 -4469
-3584 -2435
-1054 7580
-7080 9062
-7411 3236
-4084 9783
2055 -1552
-252 2144
7495 -5892
-379 2723
1922 2176
7771 -8109
4453 -4637
-8125 -7815
-4209 -9266
-8494 -7279
-6614 2332
3813 3441
1732 -243
9702 -4887
-1458 6938
-8840 -6171
4496 -4894
7968 -8912
4838 -1437
-5488 4019
-5764 3237
1104 6555
5441 -3824
2251 -4583
8587 8381
660 -3358
6119 906
6579 1719
-6566 -889
-8977 1951
5882 -8434
2009 -2992
5474 -9648
-109 6444
-714 8361
1532 -3352
-1453 -299
4890 8392
-3854 1085
-8318 1062
-9735 4554
-9018 8786
-9091 5722
-7108 467
-5159 2927
3366 -6068
7556 -8635
4611 4601
2033 -996
-1678 -5703
9000 4435
-2689 -1531
-1475 -8106
5963 -6978
746 718
-4708 4709
-9586 7895
1534 1188
2593 8975
2068 4586
-237 -5367
-3200 -5292
6464 -8863
-6166 -2073
-7919 6795
-9424 -1607
-5229 2756
-9621 -1841
-9620 9994
-1095 -9119
9887 -5945
6476 1722
-898 7945
-8721 3388
-1881 6861
-6864 -3072
-2564 3609
7087 379
4867 2345
-8191 -5252
-9578 -8352
4577 1777
-312 -9183
-2188 -3350
4150 -5418
7831 2517
9605 8685
7624 -5048
-7683 7715
-83 7518
6273 7128
-2364 6456
8074 -7006
-2040 -7611
6464 -4322
3645 -3908
756 1121
4409 8902
9853 -7604
-4753 8536
-9075 3518
-615 638
-4273 3043
4321 -9420
-1249 -7733
-6452 4654
9349 2997
6020 5655
2704 8138
-5184 -2986
-8660 -7930
5650 1164
1823 -3248
-9331 9914
-7611 -4597
4112 -9184
7046 -7994
1460 6272
-9711 -5650
8654 -5151
9880 -1117
-4767 -5617
2087 -697
5699 512
-9247 2099
-1430 8114
-1702 -6044
-8333 1359
5995 -1774
-7025 -3630
-9163 -2943
5067 -8540
-1291 6161
2298 6271
5184 -4176
321 2580
571 -2032
9438 -7065
2554 5011
-138 -8616
2739 3553
-5542 253
-66 9308
2869 -1270
6475 -1781
-3531 -877
-7552 -4333
-4173 -88
7310 6244
4384 1151
7823 -7697
6031 4816
286 6357
2329 -5479
-8622 3355
8880 -9662
6232 -1894
-9820 6843
6989 -301
-6228 -5503
597 -3073
3986 -4257
-3493 1764
2493 -2575
2373 5155
2363 -9244
4978 3246
-6933 826
7507 -5128
-4059 -6999
900 -6107
-2105 -3581
-6714 -4224
-5604 -7696
7194 -6165
3595 -3401
9019 3633
-9542 2012
-7335 -7944
2556 -3389
6158 242
8446 6611
-2306 -6670
6538 5717
-1712 3003
-5450 2300
-1789 -652
-3828 222
-4401 824
2807 -5344
7994 -9461
9255 4465
-5325 -154
3937 -3411
3950 979
5062 -2815
-3204 4020
9149 3854
-1977 3134
8224 -3002
39 2307
-2368 9844
1764 845
-6538 -2664
328 5990
-953 -5040
-6240 5428
-3597 -5294
6671 -1470
2363 4213
-7377 474
-3092 1744
6629 -4497
5868 7162
-3169 3766
9792 9328
-7987 -2124
-7689 3222
-8134 1458
2711 -3627
-6363 -5394
-7646 4354
8640 5164
8580 9438
2052 -7799
-2916 -6022
-2129 4656
8197 6099
6491 4901
-4160 -1861
4380 7934
-8609 -2600
-7082 7570
3344 -6362
-5255 -5367
7076 -3881
-4294 -300
4507 8891
6735 -1770
3342 3771
9126 -1121
4825 -7522
-7294 953
-5341 5871
-7628 -6469
9771 -8842
-3566 8603
-5391 -5694
-4778 8384
4350 -3896
-8682 -4618
7760 2565
-7333 7451
9894 2911
480 7734
-4315 4970
-2551 -6617
-6427 4743
-5411 9657
-6405 -2361
-7390 1684
675 -7571
-4972 1392
-1079 -207
8353 9764
-9772 -8032
-9404 5403
8977 -4959
3644 -6008
1335 1971
-5272 -6544
-6020 -9198
9505 9062
6100 4632
-4748 2773
-3104 1888
2874 -6538
9371 -3163
7478 -31
5340 4009
-9525 3104
-5528 -4654
2264 8414
7256 -2225
8240 -6273
7139 -1095
-4742 -5847
-2456 3188
-4478 -9600
-4358 3829
-1286 -3312
-9593 2269
3568 9571
-569 -4957
7341 -6574
-5634 -7921
-5432 -5448
-1394 2019
-4347 -4382
7068 5972
-5331 -7933
-4324 -7850
6634 -2652
-2212 -9897
-6625 1593
8139 6785
-3261 4142
-9756 3011
-5928 4384
-5797 -8823
-4628 -1592
194 -8537
4971 -4238
984 3989
3423 -7668
8079 4596
-731 506
-6920 4495
6381 -5338
-2643 -6275
9998 7636
-1477 -1278
-221 -3628
42 885
-8826 -9039
-4021 -1891
-6616 -3130
6653 -5388
810 -9232
-389 973
-8357 -5249
-5050 -206
8430 -5786
4810 -7802
-6090 8401
15 -2230
5986 7862
-2657 -5829
3471 8197
-9297 8024
814 6681
7371 -5887
-12 3184
-6141 2651
-8105 9879
-5684 -432
-20 -6593
7956 -493
8250 -4244
-6010 1025
-582 43
-1354 2851
9006 -7069
-5175 3984
3451 -8475
932 -8945
-4220 -450
-8944 -2757
8164 5931
-2585 7999
-5912 -309
1054 32
-8057 -9712
-9266 4826
-5154 -2321
7264 7106
236 -4616
3061 6411
-9593 8735
9999 6533
1946 6264
-1472 2975
8476 642
4429 8269
-7859 8090
-6946 -7515
-977 -5424
3813 -5469
6175 -1002
9672 -7700
1454 3797
4588 -6225
-4607 -8422
9440 -9177
-7615 3758
6308 -9794
-4480 -349
2453 -8660
-8471 8042
-1706 7677
5154 7457
-2661 880
-3999 -2871
-5003 9339
6856 9654
-4043 7116
-4770 416
-6977 -6645
-1556 -8201
653 -5829
3889 -3821
-4196 1727
-9054 -6071
-7049 4601
8065 4217
-2497 1357
-9960 -6428
-9836 -6555
946 -8964
4354 -3378
-8489 2099
6442 8991
-3614 4373
812 -7911
-9599 -1870
2670 5546
-3863 -6637
-9908 -5044
7635 -6610
4220 2058
9686 3125
2108 3875
6370 -4184
730 -5977
-2346 4523
-1856 4766
-193 -3310
9051 -2008
8782 -6280
-2778 -7265
1877 -7921
-840 6680
6877 -8782
-4058 -8951
-857 5175
6998 5604
9661 -7488
-5887 1378
-7948 8016
2372 -2981
-6847 4602
-444 9233
-2123 -8491
8891 4012
150 -4659
3619 7712
-1157 9683
-8770 5386
611 2292
3200 2618
-6061 -2457
-4519 -4917
7467 5951
-4445 8429
7011 5984
1924 4516
-5337 -9041
-4160 7369
3628 -4606
543 -7474
6478 5911
-6058 -1153
-9561 7873
6293 -6556
1198 1852
4781 5603
8074 2978
-3141 -9150
-6062 -2634
8661 -8214
-1374 -5603
-7473 -8537
-4868 -3156
-6134 -852
-1480 93
-4229 4947
9673 -4549
2772 -1374
5806 1789
-4271 73
4082 -2704
6944 -1080
7809 5932
5294 5486
-1273 5288
5450 796
70 4714
-8327 2631
-5165 4343
-3019 4700
3982 -2712
6466 7967
3037 -8611
4559 1804
9316 9708
-7515 -1218
898 2834
-1040 4397
6155 810
5702 818
-3522 -389
-584 -4313
-5822 6091
8341 8713
2626 -4302
-651 -3169
2401 -8759
6537 2901
-6340 5217
4221 5569
-581 5392
-7802 -1018
9108 -729
462 9078
5724 -8929
-5319 -2253
2730 -175
2995 -1170
2794 7332
-2856 8657
-6885 2529
-7457 -616
8294 -5725
5508 -5031
-1957 -2101
-4880 -5212
4010 5103
3176 -9018
4954 6354
-4625 9704
777 -5073
-6887 2324
-2527 4943
-3699 -1641
7187 -2758
8725 5730
-5549 3946
-3099 9643
400 3547
1062 8112
1934 9630
3006 8507
-7774 7693
3550 1153
6985 -5191
-5656 -9627
-5115 8382
8634 4634
-6986 -8743
-7525 -1467
8529 -208
-7167 -1120
-4321 -6513
-4035 -2341
-5228 4179
-7644 6910
681 -8001
-8070 -6711
889 -8884
-1635 -1284
886 9054
-5205 7922
-2331 -1359
9777 8392
-6724 8946
-5710 9628
6614 3914
-4368 -3119
4689 -1515
4858 -8754
4325 2737
1329 -6906
-3488 -8206
-2119 -2190
-8158 -3502
-1831 -5542
-6765 4198
5870 -2348
796 2155
-2734 -4765
-6487 3007
-1691 2816
9592 6349
7925 -8458
2110 6496
3504 7079
-6025 -5512
5731 -7060
5383 859
-4659 8890
-1358 -318
-5979 2016
4693 -4524
7204 5005
-3297 1969
1457 1614
-2897 2084
-9688 2677
3819 1820
-6842 -8299
378 -4908
-1613 -5238
-6945 6285
9324 -9930
-6414 4765
9675 -9339
2268 -4383
1302 -8910
-2480 -8850
1761 6786
-8831 9829
6113 -690
9123 -6619
-8081 4831
-5406 -1029
788 3698
2265 -5868
-1801 -5829
3312 -2989
5440 -7227
-5259 8605
9864 8567
6997 8465
7104 -4077
2647 -4042
4410 7256
374 7597
3735 -2265
-9479 -1690
-3410 3778
7153 -5298
-554 -3728
-2578 -8603
5328 5886
6078 8110
6900 -5953
9251 5119
8695 404
5424 -5320
-8042 -9689
2720 -5615
769 2001
3571 2476
4519 -6500
1893 -4022
2361 4098
3949 -2342
8158 -6412
-7025 -5653
-6061 2071
-5922 4386
9404 4264
-6670 7239
-212 -7936
1761 6138
7853 3283
350 -2685
9100 -8717
2251 6951
5924 -9167
2331 9174
-9691 -5309
-6999 -9758
-8863 -5311
-7185 2538
-3405 -374
-1244 1364
-6260 -3325
-9516 -6087
9371 -3329
2525 2713
-9416 -2341
7620 -2576
3534 -2496
-7086 -7327
-477 -7093
-9297 1966
-9435 4361
3609 1674
-5838 -9860
2145 -2075
6660 955
9538 -6265
-9225 -3627
3391 -1544
1112 -6986
-3689 -485
-4308 -8830
6344 -8261
-5317 -2434
-8131 8926
7639 -1394
9173 6966
1485 7865
7602 -7850
-1018 8616
7770 -4990
-8998 -1106
-5970 -2337
5266 7490
933 3017
-9576 71
6500 3427
-9507 -1428
-3140 -5303
-2873 2991
928 2338
-4747 -2627
7393 562
-3759 6005
-6648 9931
-2319 4458
9167 -7613
233 199
8380 3232
4080 -1428
-5061 -4560
-8307 5431
2103 -6506
4287 -5442
-4299 -8930
8870 2233
-7698 4946
-879 4093
5286 645
4453 -2046
7213 -2228
-9530 9638
-1870 2381
-1563 -6934
-7777 -1009
8902 538
-9931 8721
2285 9674
1541 3318
1957 -7876
-3609 4926
-563 -1954
-7237 -5807
-4193 -6063
-7142 -4172
-2403 -8732
439 -4195
-7622 6686
-104 323
3139 635
971 -2417
5928 6574
8807 -4433
5003 -636
-3552 -7287
6564 -9079
8166 2925
878 5156
4987 1411
1394 2653
-7761 -4605
-8786 -3040
-1894 -9757
5377 633
-2443 -917
6517 -5250
-4491 -1244
-7126 972
-4731 5423
-9157 8586
-2657 1491
-5489 6474
-9338 942
-5409 -9714
995 -9524
-6241 -2361
411 7093
7370 -8808
-6615 9345
-7890 -8103
-5699 5127
-9359 8535
-5360 -8173
-7969 8025
-6013 -1387
-1551 5566
6739 5078
-7588 5730
4507 8678
6707 5312
-3577 -6127
4761 1872
3216 -6096
-6201 -5135
7608 8859
-3306 -6398
2468 8892
-1718 -7125
8593 -2721
6044 -8263
-7084 6469
-7902 2310
-9518 6872
2876 -5578
-103 -2407
-8130 4413
-4999 -8235
405 -9601
995 2166
-232 -9232
-2564 -6090
3725 -4743
-9443 9390
-3884 -6660
9867 -6772
-2028 1007
-5746 4931
-3744 -7036
-3600 5244
1062 -7479
-4460 6827
7348 7179
8464 8476
-3673 3190
-1784 3276
-559 -8809
520 1172
4230 9218
2462 9600
7972 -8721
1362 -4386
-9572 -3425
5827 -3982
6913 -2915
9536 -6489
-5268 -5664
-6305 8799
-9751 301
-9699 -8021
8674 -9191
1075 -426
2918 3243
-9839 -6149
8886 5152
9114 9624
-3188 5225
5627 -7686
5352 -7505
7465 -2761
1368 -1194
-10 1851
6019 -3425
-6992 9146
8594 -7609
8598 -7451
187 3501
-8072 -1865
-1588 8273
4682 -4817
-8047 5528
7076 6968
2306 1868
-8615 -7133
8267 6656
7122 8054
-743 81
-3481 -2274
3870 -7064
953 4576
2786 9277
-3761 -978
-5626 -8683
9674 5365
9397 2507
-4889 5682
7754 -5363
9425 -8923
-3944 5597
4705 6589
602 9496
2931 -6669
-1608 660
7334 -2701
-8974 -1438
-4977 9525
-4468 6067
3962 5162
1367 -6794
8991 3826
-2633 -8065
-1731 7850
1654 1220
-7370 -7838
9028 -7807
-7962 7245
9065 -1893
9472 -8974
-7223 1313
-4409 -6529
7091 2639
3527 2621
-7962 3212
-7442 -6498
-2719 7956
5386 -941
-5851 -4432
-8065 -3366
-4664 3808
-507 -8427
9081 2842
4380 9750
-565 -6068
-4627 7926
-3615 -2562
447 453
596 1939
-4877 -5349
-284 -9586
-8452 7661
6072 -4014
-9954 3227
-1933 -2463
-2814 -2777
2934 -3034
-7437 4704
12 -8626
-6824 -6564
2133 -8592
-146 -2268
-9133 -6098
-7326 361
-4469 -8429
4328 -1900
-7368 -1956
-2982 -5285
-1326 8404
-304 1328
-9515 -6888
-839 -4109
-302 9305
-7340 -3736
8815 -2657
-3603 -4541
3835 -4406
-3177 -3744
-974 -9484
-9566 8239
-9623 -1581
3994 1964
4535 7355
1340 -9363
-9023 -4033
-5771 -108
3488 1527
7832 68
-4016 4158
6108 9969
-2024 -9549
144 3600
-7247 7103
1564 845
-3180 3222
9621 -6436
-6619 2742
8220 9767
8502 6445
-3371 3078
729 1783
415 -116
-1114 -8892
6132 4030
-1627 -7848
734 -9410
6233 6348
1236 -8090
-4502 -2093
6864 -2255
3820 4823
-2001 -3469
-5903 -2943
5892 1224
-5784 -2409
8345 6282
-112 8383
7043 4924
-5283 5666
7264 2179
-251 9964
5040 -5099
-9528 8240
-82 -9783
9242 -5688
-151 -9842
1263 1690
-7037 952
-5311 2231
2885 629
-8127 1405
-4803 4285
9400 -6052
-4939 8168
-7880 3189
3025 -8519
164 -1731
5317 504
3512 3522
-1040 9310
182 3653
-807 1417
-9553 -4699
-539 -1841
3051 -4675
-8750 -2064
-6283 -5885
-684 -8348
2149 -6031
-4375 -9005
7947 6752
8602 1475
3829 -4944
-1360 -5492
2077 4453
9233 3496
6354 -916
5750 -2906
-6814 -2021
-8342 -1539
-1631 -8874
-2111 2237
-3208 7085
-4558 -4670
6573 6403
8691 -1534
2218 5833
-1745 4390
3373 -8343
-9017 -43
-5684 5631
7202 -3733
2978 4321
-8206 9512
-1862 -6528
9093 -859
279 -8218
324 -3262
3198 -9601
8492 -7973
193 -6667
-5210 -2599
489 2675
-9691 -3516
3871 -4917
5916 3990
-6153 -3565
-8391 -9493
1465 -7031
7202 -7979
-1747 -8264
-8693 -9173
-7645 4595
3729 -4575
-68 -6722
6613 8723
5720 -1172
-1704 540
-3523 3522
-6032 8547
-9632 378
-3452 2004
-4876 2981
-758 -5491
-116 2248
8026 -6097
-7794 1255
8719 4052
5527 -6561
3162 -7936
-7547 -628
-1150 463
2468 -4117
-8708 2254
2296 -8742
5314 3974
-1052 -3428
4275 -5645
6389 1400
8 1716
-5617 6849
110 -357
4370 -783
1029 8771
-4153 -5298
1780 1825
-5811 8078
4774 9394
346 9815
8805 -6956
9904 8447
-2031 -8462
-6945 -6542
-6275 -9993
1936 -1134
167 4388
-8747 7193
-9486 3292
-4053 -6182
-9886 -9572
7593 -5979
3187 4296
-2808 5193
5078 -9727
-7186 8723
-888 5714
3800 3541
-8015 9258
-284 -3422
-5610 -8220
4792 -8650
-9732 -4415
3475 6739
-7782 -5512
7342 -4762
2201 -6556
8943 2247
3403 -869
-3286 -2177
7653 4382
-7597 3108
-8934 2092
-9660 -8864
1045 -558
5607 -4144
-8846 8669
-9406 -1816
-518 -9520
2493 -3340
-1478 -2191
9936 -8423
2783 1373
-1587 3033
8047 8604
-4697 -1355
9351 47
-7490 9166
13 5894
5608 8100
-9391 5646
-1570 4063
7045 -4953
-9184 6188
7350 -364
-7290 -6913
-3995 12
-7260 4279
6215 6253
5752 1407
7125 9040
-2956 5232
-3247 3319
6210 980
8854 -93
-5511 1989
-9286 8099
-933 1780
-3357 -6586
-8216 1414
7330 -3790
-4317 -168
3665 1677
-5186 3108
-7355 -3624
1700 444
560 5627
-7741 -3854
-4682 -6629
4181 8282
-4887 7432
-887 -6553
5251 6580
819 3122
2655 9438
4108 1402
4245 -3124
6087 3813
5200 2135
7026 4260
5038 -1216
9509 9748
-7725 8801
-5750 -7071
-2326 894
7753 8645
-5094 7097
9454 9134
6720 -9307
8601 -1218
-6033 -2157
-5054 -8596
-9311 3976
4807 -4056
-9000 -4016
-7596 -2917
821 3851
-5618 3916
-6860 -571
-2692 4255
3810 -3388
-7982 7001
-8964 -6182
-7525 4990
-1594 -7686
6978 -1925
-7483 584
7165 -7936
-6310 1385
7319 965
-6725 -646
8537 8525
-3665 -964
-8844 9160
1637 -788
-4051 3410
-8654 6449
421 -1351
-7419 -1457
-348 9084
9321 3544
-6430 -2642
-7658 -6014
-430 122
4116 -4748
-3509 5569
7374 -3174
-6029 -9346
-6801 8376
6122 1675
-3077 -4582
1649 -3139
1356 -6838
-8842 6889
488 5083
7645 2090
-1669 -6942
-2228 -3365
9335 -4411
2963 9630
8900 -2485
-266 -9953
-8347 -5549
-5096 -1261
-7927 -6015
-8314 -2182
7850 -1997
8221 -1021
-2074 -6318
2489 -3025
-872 7491
-773 -9939
243 -4483
-4331 -4891
8698 1589
4693 -976
9662 8885
3405 -5532
-8364 -8341
4923 -9490
2802 -2243
4346 5208
5319 -5285
99 -9430
5012 -4243
-1215 6316
-6133 -6293
-8176 7657
8226 1003
4849 4112
2996 -4939
-3795 -6828
-8428 6355
-4925 -7852
975 -4508
8688 -7660
-8995 6831
794 3754
3299 4117
-7207 8949
6217 4767
4674 -8858
1875 -3081
2674 9891
-3554 -9774
4467 -6431
-4679 -758
5550 -8721
-8803 -7926
8589 1170
-598 -6141
4075 8490
-7873 8444
1115 9363
-5995 -4346
1906 -5337
-7303 9837
8978 2113
8965 7786
-5580 1629
2682 6229
-1136 -7941
1980 7000
-3572 8003
7274 -545
6047 8738
2072 2060
-2559 -974
1803 -4153
-4495 7704
-9904 -1550
546 -1306
1273 -7174
387 5441
-9387 3561
842 8445
5611 2681
-2628 4196
-1453 2787
-7813 -1451
1553 -8555
-1076 -6423
2255 898
-9948 8113
-2667 -1932
-1905 5116
9960 9981
-5635 1013
2556 394
-7062 3912
-2889 -3944
-8728 8741
-3196 -5791
-9622 -3939
-1743 9711
-2577 617
9734 -9231
-6582 -8021
-127 2667
8458 -2676
6418 743
4299 -5020
4624 8074
1464 -3208
-9897 7874
3226 -9283
-4385 283
6082 -3590
-5574 8721
6991 1612
9993 -1729
-1123 5860
-8485 2198
-8726 -1621
5284 8841
4262 5669
-298 5381
-1098 -4045
9630 8062
2629 8562
1469 -6491
-6232 1282
3745 -1706
7084 -4415
2720 -3763
3551 4437
-431 216
-6889 2664
1703 3144
-1501 7693
-5558 -831
7020 -7102
6931 6993
9447 3662
-1596 -259
7258 7785
-5246 -4425
-4600 -2085
-9103 3692
1019 508
9546 1721
-8019 9531
8827 2174
-973 1147
9595 6411
2247 -521
-6360 -5769
6416 -8731
2463 4623
-464 3416
-6568 427
-4854 9664
9883 -388
-531 -7411
-9022 -4190
-9470 2097
525 -294
-4786 -7677
3452 9941
-4860 2303
8365 3843
-2518 202
3058 -3186
262 -6700
-2098 8484
134 -1706
-4724 2284
-2391 -9797
7131 -5799
-7412 -4901
3114 3740
5525 -9565
7708 211
2582 -4176
-8696 -2048
7358 -3463
9201 -5035
1698 -1715
4476 -7829
2851 4465
-1325 -14
-4740 -3764
-8843 3043
-117 1790
-7849 -8687
-4103 -6038
-7300 30
7560 2197
2028 3881
6744 -5913
7700 4004
8693 942
-1863 5572
4929 -8287
-3270 -9389
2650 8098
5986 -9857
-8793 -1859
-7673 7349
2852 -3443
5666 616
4999 4574
9483 -4949
-7281 7661
-1488 -897
-4823 7563
-3375 -3675
7582 -3104
-4228 4021
2428 -6035
864 -3609
-6946 4426
-2832 -7249
-7141 -7826
5590 -2970
-2999 -2548
-463 -7869
5227 -2726
716 1160
3870 4397
-7428 8473
-7748 -8063
6198 2375
6507 -2763
-3861 5707
742 3443
-5086 8014
-1979 -9140
-1296 -4060
-5525 5410
-2858 -8134
-7956 2367
-6154 1765
-8647 7267
-685 1049
5066 8795
1765 8187
-9530 7916
54 2702
-1838 -9776
6588 2409
-4492 -3497
1907 8330
-7486 78
-5994 -9724
-7956 -3715
3386 8468
547 -5782
7784 -9262
-6556 -964
3572 -3166
-5499 3322
5790 297
-2309 4625
2981 989
-9850 3892
-4125 -9098
-870 -4930
9385 -2879
8778 -653
343 -8429
8338 -2908
-5928 2361
4641 7858
-3176 -1170
9057 3433
2819 8871
8549 8910
3036 -3864
-6481 -1580
-4810 8345
-9125 -89
-269 -8301
7339 -5813
-8810 7957
6479 9407
7559 371
3184 4571
9571 877
2010 4569
-7108 -3074
-316 -5200
-9132 6123
8125 -6918
-1934 -1861
-9131 -9288
8127 -3514
7621 2540
-1824 7206
2940 7683
784 -5174
3271 1077
2552 6986
5499 5957
-9394 6548
-3134 -2012
-1880 -4859
8128 2514
7291 6259
6945 -5980
-7179 -1881
-8030 -2303
-7438 -2136
3928 -1274
-2401 -942
-3328 1194
8713 1158
1924 -6821
8129 347
-9465 4071
-3410 -5038
4782 -6857
1455 6727
138 9878
8364 1891
-6938 2383
-3945 -9586
617 852
9989 7394
3753 9659
-9885 -4324
7021 3171
-1226 491
-356 6292
7603 6314
9831 -2140
56 -4182
624 -4970
-59 3912
5078 -1635
-5094 5599
-5826 4351
5679 -3914
-3969 7445
9130 314
-3190 -6290
8512 -9914
4437 1490
-6133 -2210
3138 7012
3908 9564
-4560 -5311
4286 -2495
2238 6662
2719 5741
8279 974
6011 -662
8799 664
9326 -9085
-4200 -8057
1974 -6606
3281 9635
-3285 -1226
-84 -7364
-1348 -1373
5867 8047
4328 -5900
9558 -3678
-8491 -8645
-2901 -1463
-7472 5273
418 4587
8033 -2902
-5956 3230
3114 -8137
7592 -3506
5053 -3249
-3823 9405
6647 -7441
7175 7301
-9859 -6402
-1783 -3079
-9327 7478
-7796 3817
7121 -708
3083 5700
748 -9455
-6709 -7624
-8766 6529
6537 -4971
-7593 -7240
898 -529
-7053 7380
8478 -3038
-1959 3222
-3654 -4144
8738 -206
-7311 6054
7798 -3898
-7705 -7395
-2010 -4248
-7918 -3780
7240 -7817
-9275 7930
3440 -3469
-5574 -5119
9000 7497
-8805 -434
-6740 -1433
8876 -7307
-8188 7438
6809 8482
-4673 4677
3768 -1382
-2328 4489
2299 928
-4024 7586
-6860 9139
-744 -9807
357 -588
-3104 -1594
-6525 3622
-9807 -1202
4134 -4754
-516 3850
-8656 3962
-915 1051
-8457 -3074
-249 3353
6449 -455
733 -7230
-7237 8470
8234 9999
-6842 9263
-4978 -5310
-1090 1803
-9754 5660
-2120 -4856
1575 -5364
3096 5044
-3850 9570
6012 8661
-7033 7137
489 -1783
-1008 -1614
-8656 9479
-9911 -5483
8412 -7868
7202 4115
-3014 7762
-8064 4047
-3674 6467
-1706 1851
-8466 -1973
-3715 6438
-3355 1571
-7312 -3565
9414 -9782
1382 -315
-9853 7302
-9620 -7114
1961 -7064
-3234 -7193
-3055 -8274
5730 -9422
5094 -382
-4222 -3141
-2834 5151
-3100 -5499
1304 -8909
1639 7648
416 -4576
-6660 -2912
-5855 -5315
-8289 6602
-9704 -1190
-3728 9767
-4144 4128
-3245 2139
-2352 -5161
2592 -7921
1565 1473
1831 -2198
-6419 4963
4708 7870
-7478 9412
-6950 -9313
9726 -7314
-4208 6222
8833 1170
-5275 2932
6013 1512
-7055 -6518
4442 -4076
-9031 -7883
-8373 -4733
-6738 -8081
-9389 789
547 -9984
6357 6837
-9046 1804
4728 -1021
842 -1530
2963 -1198
2078 4930
-6118 -2003
-3315 5159
9509 -9035
-1887 5091
-3463 -2586
5254 -8423
6582 -9512
5665 -4042
-2115 9184
9835 -510
3067 -6794
-7191 2129
2326 -9134
-4695 3641
-2414 6992
-8965 -4291
225 3026
8841 8424
-5307 5668
-2731 5334
4227 -5381
-4114 3660
-570 -9
-9874 -9272
-8755 8712
-8238 -1197
2546 -2708
-4841 -6382
-7208 7574
-2770 2364
2320 3851
-6021 -2746
-5208 2533
-2064 -4230
-9519 -4006
3233 -3546
1643 -3721
-4764 -687
-1009 -4506
-1945 -600
921 -1200
-467 -6313
-3664 -3813
5446 -4685
1555 5363
-9558 -7948
1953 -505
6386 -1057
5349 -5877
-9548 8545
2364 -6885
-7367 -6215
517 767
-8004 3756
6533 4713
3905 -2436
-2765 -1989
9007 3538
-7194 134
7179 3832
5369 8750
-173 3779
-8968 9481
2804 -4882
2987 -4378
-2263 -3998
1788 -374
2896 -9199
-8635 4565
-4790 -6046
1787 8643
4911 3206
-4975 -6481
7532 -4311
7563 -9102
-4069 -8156
608 -8183
3932 400
-1590 8565
2357 -939
-5202 -3877
-4989 640
3778 -1589
9820 -9837
3328 2814
1923 9174
-9530 -7335
4103 8395
-8026 -1649
281 -2849
-3727 5634
4808 7260
-2789 873
2362 -7012
7979 5294
8425 9464
-3902 -1586
-7817 -4545
1573 -2205
-1648 -2718
4232 -5057
8635 3372
4569 -1682
-3364 -370
6470 -9186
6473 7544
-9747 9723
-2169 9348
5790 -7021
3040 -9715
2830 2904
-1213 -1507
3771 -1852
-3463 6115
2071 9398
8543 3651
-2701 -1158
4613 -2040
-1271 -281
-6142 -107
-8986 -190
7697 9369
-9166 -4895
3852 128
3101 1225
-4797 -4474
-6968 8472
-4519 3142
-7315 5343
-3460 8561
3821 7815
3775 7163
-7212 -6347
7125 7343
8330 -8280
-2004 1250
1624 5150
-4700 1349
-9867 -5130
-1749 3668
8909 -7631
-8554 -7381
-467 -9870
-9347 88
-6643 740
8340 -4820
-7814 1115
-7742 -5108
3583 -8782
9472 2948
-1617 2580
-9073 4570
1042 1878
7862 5472
-5750 -2047
8823 4163
6624 2029
2669 8897
-7504 4297
1061 3831
7150 5432
-2155 9240
-4717 -5899
1885 1114
-6296 -9385
1881 -789
8590 -8785
6272 9793
-441 5134
572 6158
-3612 -1820
-3258 -4302
6156 -1405
5725 3435
-1402 1922
9507 6439
6372 8989
9268 -8582
-8436 -6662
-4476 4139
9123 -2298
-3980 -3832
-7144 -226
-655 -3046
4363 -1110
4809 8660
7128 -7517
-7350 -2043
-7452 -9771
2201 -6163
-4541 6624
5996 6124
-4445 7225
1957 117
7224 -4243
8715 3777
-2139 -6715
4262 352
2276 -1916
5719 -2229
-4430 -1938
6674 -6891
5434 899
-1351 -9088
-8708 -4951
6262 -2229
442 -4632
-6188 2825
8575 -8850
-6437 -8947
-7316 -6381
646 -7775
4960 6167
6211 534
-2972 5319
8582 -266
-9360 7198
-4150 629
-9539 2888
-5403 998
-4344 8994
-1913 -5398
-9760 -3427
9903 2627
-7636 1922
-1078 -5594
8764 8591
-5303 -1713
-8534 5887
-4611 -7281
-5428 -2008
-8814 896
-9798 8894
709 -3143
-7786 4501
-636 6140
-3651 -6781
2848 5549
360 -5596
-623 3774
4575 759
679 5701
-4421 5702
1448 8655
-906 9283
9546 -2035
-7822 -8467
1615 -4723
-9630 5138
4568 -1532
6777 -7186
9096 1446
4013 2834
6102 -4296
2568 6720
-1234 -6723
3499 2835
-6267 -5747
3966 -3589
-3338 -2876
-4744 3206
-9698 2422
-1560 1018
6289 -3872
-1762 -4322
-6282 6170
8505 -5959
5030 9160
8526 -8494
5660 -5424
2225 -8778
698 8774
9924 -8328
-2088 -5598
-5095 -9261
7145 -1965
9317 -6229
-6420 4653
4675 -6414
-5973 8190
6689 9318
-7980 4351
-7797 -8521
9138 -3418
4083 6471
-9177 376
-2630 -7574
-7256 5563
-514 6700
4341 -9207
-3809 3922
8051 -5056
-9041 6232
328 5047
5174 -5510
-2093 8619
-4097 -2354
1861 -5512
-2205 -5554
384 -9053
3536 4948
-150 -9996
-6091 2239
3214 7009
-5747 -3406
-6193 4549
-5723 1179
-8406 9999
8844 7856
-89 2775
-778 6837
-6917 2315
-9332 -5477
9790 -3032
3092 -126
-1308 5924
2297 -4577
-7910 72
-1097 -2151
-770 2011
-7899 2253
3291 4314
-289 -4750
9088 -4284
558 -457
2716 -1775
3863 -6104
-2055 -6654
-6563 1519
402 6803
947 -7946
-1423 -9395
674 -8725
5641 6457
2803 7677
-2707 7599
-2918 -3485
-2804 204
4224 3804
746 3810
971 5041
3804 6761
-756 -4906
-8769 -2189
7652 -6289
-3339 3037
2612 591
1565 -4606
-2592 7516
-4914 -8886
8831 -9009
-3056 2239
-7007 9719
-5961 -4800
-5059 -5795
-4836 7374
5526 -286
6586 7012
-2582 -700
6946 9411
-1289 -1281
6716 1227
3722 -7279
-1862 9574
3525 2454
5690 5663
364 2066
-5799 6160
7245 1197
-7570 -9607
-3414 8152
9258 7404
-4413 -2963
-694 2244
9252 -4811
-170 6326
7081 -3900
2554 6912
5546 -1442
-2466 1311
5639 9885
7683 4124
8177 -6710
-3651 -4090
3090 265
5224 -1381
-5414 2737
-3864 1727
2375 1816
-8319 -9008
-8848 6318
-7729 8912
-8370 -2848
1507 8513
-1144 8829
-1861 -7153
-5031 1621
-291 -5946
4864 6588
-1744 517
-1244 5838
-5290 4650
6050 -8627
-4822 1933
5652 -7930
-1198 -9495
-4704 5170
4481 -8331
-2054 -200
-7572 -7024
-2345 -7312
-7098 -7269
5807 5954
-7653 9792
4526 9196
-9018 1072
-8841 962
1519 -9877
-1067 3024
8292 5400
-8992 -6821
-7502 -4875
3336 8006
4352 9416
-1374 -5295
4584 -909
-948 -6309
-2892 4998
-7587 -8952
-943 335
-4946 -5891
-9966 -8212
4768 -4856
-3676 -5919
6376 -7875
7433 -6427
5534 5980
3604 5591
7262 -3762
-8608 6926
440 909
-2420 2605
7706 7491
343 -8138
9944 -3029
1652 4725
-2443 8532
-7606 8125
-7663 -284
8907 2033
-7121 1401
6415 -9256
-7902 -5461
6156 -1325
-8045 2125
-5068 1003
8882 3794
-341 2659
2646 3212
8132 4173
-9838 7247
-2217 -6856
-8905 -3948
4001 1927
7968 7354
-5385 -9507
4702 2663
5992 -5516
9312 9645
-81 -3058
4798 -889
6418 482
8642 -2974
6778 5560
-7692 6553
-8721 -7312
6593 7160
-4338 8092
-2745 3298
-9398 1741
8512 -2546
-9123 5451
-4248 8620
-2423 3071
-2740 4678
7408 9642
-207 -1503
4204 569
7006 4931
-9812 -8496
4776 6574
1355 -5598
-3656 -7478
-1906 451
-9958 -7103
826 5685
-7291 5540
1936 1982
-2302 8204
-1529 -37
3643 3674
2084 -4370
-2207 6847
-4041 -1390
-5062 -73
4789 9711
6117 -6736
-690 -2199
-8629 -3862
4683 -8941
7492 -842
-9146 -639
8675 9472
-6235 -7877
-3489 -1687
9492 -2963
4607 -3891
3742 -9893
-2398 6340
872 4338
2024 3908
-1302 9210
3104 9731
1035 3303
9934 6490
3223 -9201
-9640 -4411
-4096 8214
4526 -7482
-6449 -572
2293 -4566
2117 2169
-4818 -1404
-7758 -1193
-9529 -619
-3119 605
7229 -9907
3582 8852
8492 -4822
1717 -4799
-2378 4127
-599 -6501
7947 5009
8605 9527
-3461 -7845
-2526 -3616
-11 17
6254 5698
3451 -5759
-5899 5189
9125 8853
-1593 342
-18 3541
6214 -4191
-130 -4790
9729 5275
1269 8509
8370 5468
7473 -7554
6193 4266
-6851 -5087
6707 -688
-938 4514
-3293 -5363
-9318 2313
1754 3177
-1713 8169
2878 -4093
-8466 2018
-4619 5061
-4470 -9786
8356 9657
-5791 -4743
-888 661
-5891 9809
4464 -2383
-9049 4253
2645 729
9322 -7838
-1609 -1282
-8321 -1472
-1482 6567
-9318 -2220
7754 2758
-6992 4567
-1057 -8987
-1500 3779
-5520 -2626
-51 -1675
798 -9398
3748 6862
-4850 6673
4783 -3757
-2339 -6208
-4282 -5995
2944 7705
831 5643
7164 -8732
8314 -1093
7166 4708
-5333 4215
7449 1988
-2401 -3516
4986 -9617
-2004 -9994
5449 -3713
8186 -7784
990 5998
744 4616
-4098 5000
3069 -4962
7729 -6750
5932 9004
7712 3267
-1981 -8287
8240 -8384
-848 8264
7638 8486
-1585 8782
-8938 -2960
2709 9377
3548 2137
-3310 -3021
-9546 9259
-7641 -4482
9740 -6410
-7676 -1663
829 5788
3932 -2871
-8329 -5975
5256 -7413
-3917 -1344
-2284 941
6155 -16
490 -5212
-1544 9765
6169 -7784
8780 2875
4577 -2524
-535 5230
-3970 698
6140 -9875
5007 -5213
1146 -9684
802 -5468
-5451 7000
-1474 6940
7514 -7386
2316 938
8811 -6395
2530 -4021
6452 -5614
-6035 7617
-6292 5161
5339 -1137
7114 -4743
5987 5793
-383 -111
-2575 9032
6234 -8074
-4782 3107
-6132 -1098
8248 -4551
2651 5175
-8502 -4221
8042 -8791
1132 9447
-8962 -5382
-9466 5118
2000 264
-6445 5111
-5138 -7599
6761 9877
4304 -3578
-6113 -9101
4434 -7074
-6464 -9656
-3598 4775
9099 -538
-3960 -6761
6756 -3396
4157 1312
-6117 -9349
-7799 4450
-9897 1237
653 667
7582 -6591
-278 2041
3267 7291
-228 7152
4269 -4119
-3498 -409
-4000 -6599
-1797 -307
-6837 3622
-7050 8105
909 -1159
-1577 -5297
6916 -9269
-1749 -7858
9908 168
-2186 7718
8560 -6832
1744 -3145
-6040 -1032
-9447 1876
9647 -7155
8826 -8425
-5881 -936
6554 -4882
2891 -579
-199 2515
-1287 -4002
-51 -7815
8603 -2628
5078 -574
-5455 -579
-1152 -2323
6492 -1367
1973 5965
-7607 -4914
4828 -4907
1464 -4604
-7502 -944
-2489 -5845
-3517 2797
-5120 4080
1509 1143
-1443 1231
-2894 7906
9587 -6126
6912 8545
-6590 5847
6110 -2955
-2889 -8625
-3539 4000
-2597 5475
-2248 -8680
1340 2225
6674 9719
-9962 885
5675 -1138
7102 -5053
7566 -7398
971 144
-9958 -721
-9279 -5520
-1381 4625
-3429 -5159
2500 3585
404 7463
9804 7028
6163 3097
-4158 -4928
9137 4761
-6674 -3569
-4473 8057
-8891 4406
-1288 2873
-504 -2401
5529 -4987
-4966 -7389
-6311 5210
3836 -5068
1969 9129
5895 -8907
9929 1684
-6075 -787
5027 -4714
-1427 -8880
4233 -7008
-199 -3618
7246 3709
-1306 -920
9795 -4298
7175 7660
-3687 2130
4389 9666
-3986 6485
-7113 8878
2806 586
-7110 1750
7431 -3557
-8210 2830
-7679 6301
-6131 2127
9656 -2488
9257 -7194
8736 1700
-3488 2120
-2797 4256
990 131
-5983 -3205
80 -8048
4981 -6171
1120 7749
-8320 -4704
4370 5863
-2683 7840
4474 -2884
6080 -3311
-9193 190
9556 824
6064 9932
-1489 -1198
-8246 8155
8572 312
-5373 -3671
2020 -4796
-9778 402
-414 -8691
4203 -8613
-7678 3534
3906 3660
-9931 -9242
-7652 -4933
5748 -7912
7967 4963
5614 -7982
-5372 8756
7889 -8726
-8490 -7805
-3919 4388
-1592 6914
-905 -6959
-9901 5483
2472 3186
4908 7445
7952 -7014
-7425 -3639
-7188 6801
3274 9071
-8590 8949
-6409 4609
-9283 -5638
-6825 1569
-4616 -7246
5368 5894
6502 7272
-7805 7826
684 2726
-6668 7295
-2116 1815
5783 -9705
4543 -2297
-1509 -7997
8830 7462
9366 5307
7916 -8533
1397 8861
-5869 7221
-2818 -5640
-9414 8109
-6492 -4312
3824 -7705
3430 -9508
-7783 -1688
4069 2450
-2158 -831
7903 2501
5281 -7815
9933 4189
2334 -8919
5365 -7483
1144 -5504
7245 -9543
-8763 871
7085 9982
138 6719
495 -9685
-4669 7718
-4314 -923
-1712 -4615
-808 -6359
3517 5683
-8006 -1341
7116 1204
5062 7355
-2272 -6723
-8069 8719
-6391 -457
8754 7611
-9689 -1645
-5448 8244
1308 -6516
-9203 1173
8499 -9207
-1289 -3407
231 4158
-8445 -6713
-8942 -7406
7258 4500
-429 -5252
5244 5090
-8582 -5306
-8516 -7011
1395 3924
4024 9446
9132 2942
3987 4897
8613 8440
-944 -663
2291 51
1677 -188
-6799 1084
-3942 -6479
-3612 1602
-4587 -8803
9162 -1291
3075 2133
-9314 5994
-5620 -1035
-7798 -517
-1420 -2817
-9335 -5493
-5518 9416
-2921 -8601
-5073 5420
-7208 -2488
4284 -607
-4702 8245
272 8361
681 -9146
669 -606
2437 -5789
3182 -5160
-3807 6378
-6017 697
-6238 816
729 4393
-622 9630
520 -5620
-1432 2365
8059 8801
2422 877
5656 -7538
7023 -1426
3449 -1291
3987 -4574
3847 -8858
9208 -7062
8561 -3601
598 3148
-2391 -8945
-7441 6582
-5925 7720
-5254 -7491
2315 -3630
267 1566
-3286 6988
-1920 9413
-8907 -3251
1130 -2100
1834 -3304
-4106 7771
-8377 -2897
-4649 8142
5217 4031
-9326 4660
830 1657
-8026 6803
3983 5728
-7178 4041
302 -4258
7060 -3794
3824 5169
-5493 -5835
-8922 -925
4457 -3535
-3050 3799
7047 -5452
-4559 -6593
-2441 -109
-7663 939
7561 -7451
-7759 6171
6138 8650
-9751 -6378
-4199 -23
-6140 -8429
2423 -7759
-8737 -9388
8587 5633
-5375 7155
-7969 931
-2510 -4395
1338 -1165
-1863 -6213
9419 -2115
-5707 -5161
-9618 5604
7000 3387
511 8223
-6277 7981
2360 3583
5954 -874
9672 171
-5714 3482
-3021 -6932
5688 4803
-4960 -508
4049 7638
1667 473
-589 -1337
518 3920
-1694 -3353
-1994 2773
5413 -9061
6409 6358
3740 1833
7879 3727
-4355 -3028
-1092 5857
-2322 -2906
-8136 4763
8513 8693
960 5594
7591 4062
7317 5580
-9230 -506
-9602 -8079
-6068 4928
-3947 7002
-3347 -3072
4012 8404
1245 -1074
1786 -1570
-8889 -1513
-2043 -8299
-5899 -9059
2029 9137
-3954 -7826
-3277 3944
-183 -8782
-4155 -2288
3916 7389
2823 2082
-1915 3077
-3489 4570
7525 9486
4732 -6309
2740 3745
-3452 -1713
-395 -3333
3609 -788
-5033 4097
8295 -1422
9044 -7598
5805 -6767
906 1333
-3546 -1816
3187 -8560
3955 -1752
2020 2394
-4569 -5705
9055 9769
-1458 3440
7220 -3867
1082 -2745
-9381 2398
2251 -7126
-9337 -488
-8422 -7676
-1625 8164
-2461 5755
-2722 -6357
-2931 889
-3267 4963
6392 -2617
-7110 6948
-543 -459
-8208 -876
-6636 119
9458 -98
-8657 5194
6925 3298
5391 1748
5337 6918
-1062 3848
6939 2921
6568 -3575
2266 -1480
4782 -7514
-2596 8890
2504 4164
-4611 -1210
-5789 4697
6220 -4780
-4348 1716
1569 -9359
-200 -1541
3422 6860
-7 6028
4546 7565
2266 5540
-8732 -7002
4656 -2242
-4142 -6399
1628 -5484
-1403 -4360
7289 1313
-960 -9372
-4033 -5689
-4474 9645
-5903 -5365
-9898 6433
201 -9378
-9916 6176
8286 -553
-2539 1107
5903 -5764
6390 8284
-2897 9792
7353 -4503
4813 -5594
-1939 -8093
8638 -9533
3544 -8701
1545 482
4308 8931
9935 3393
-3996 -206
-3115 4888
-4462 -4767
-6800 -1478
-4410 3483
8652 -2444
6596 -7310
-4839 1362
-8317 -12
9426 -8895
9350 -8771
3595 8911
6264 709
7030 7374
8809 9882
-558 696
-4481 -3960
3730 6509
5691 -9547
-6587 7639
-2998 8714
-5274 -4178
-6748 4267
5890 6328
-7836 -9497
1154 -6616
-2396 -9238
3796 -5177
2357 -2416
8218 7632
-4200 -7211
-6033 -3787
5724 9224
4113 -4864
-2540 -5378
9424 -9004
8820 -5470
977 2897
-5144 618
-7649 214
-6607 -1275
4175 3584
8509 -3920
-402 -527
-7678 -1688
-6327 6860
-649 -1991
8505 -5219
-8882 -907
9577 -8235
242 5185
6405 -1517
761 -8215
-8831 -4705
4966 2228
-3101 -2673
5982 2546
814 -9620
-7612 2865
-4725 2383
-6733 8847
3030 9061
4472 554
515 7762
-1622 9267
-500 -8974
1671 8578
-9896 314
4108 8642
-9815 -3428
1552 -6355
1985 -9943
-7618 -7502
4626 1585
-2163 6642
6433 743
6653 299
5206 -2560
-6064 -2900
-8125 -4134
-541 -8153
6766 -2888
-2520 4324
4797 6539
3617 434
-131 941
9627 824
6767 -4057
-987 4714
5232 7731
9675 -8713
-4093 -3621
-4845 -673
3741 -9376
-8717 -9118
-9876 3095
8397 532
2565 -5746
-7191 8012
6185 -1172
-5139 -7588
-3437 6742
8955 -4485
6752 -371
423 -5059
6588 -8779
-7212 3684
4453 -3151
-342 9648
9214 5322
1462 1842
146 4047
925 1118
3651 6229
7742 -5154
-18 5375
-9148 -4540
1213 -3686
8676 -4328
-5335 9887
9881 -9841
-4887 8027
154 -3780
3707 -2132
1717 1056
4334 -5727
-5174 -7106
-4854 4228
-4921 -2327
9565 8532
-7589 -6978
-894 6314
-4136 3758
240 3965
-278 -5196
4348 577
-7313 -7931
-2260 4011
3250 965
7450 -5681
6280 9429
-255 -9366
8902 -7734
-7482 -6404
7325 -134
2310 6061
6324 1328
-2632 4016
5024 7295
863 -604
-5855 7346
-7761 8567
6044 7234
-3015 7558
-2415 -1023
-9324 -5504
-8488 9779
2378 9544
9853 4668
92 -6759
-3019 2196
-5773 -7484
-1796 -5321
1892 2004
-3507 -966
-4705 -7949
-3171 1080
117 8293
5300 9226
8771 9426
-5879 -9772
-7617 2786
760 5820
-5346 -2112
-6525 7702
-3809 2465
-2909 8155
3736 -2914
-4535 4953
-7141 3484
9301 7747
-7900 7149
5874 -1592
9890 -4144
5804 7297
-6497 9843
4079 -6620
-4786 -1576
3517 5174
6224 -4170
-3157 -4771
-7101 -2762
2650 -2892
-9784 -8930
-3923 -8617
9263 -1653
6731 9278
3841 -8169
-3693 6439
-5750 954
-8873 8940
-9983 -1652
-6729 -4781
-107 4584
5690 -8796
-8971 8301
9483 4213
2204 -7298
3406 5154
-6888 -5495
-8162 -8200
246 -4795
-9372 8880
3531 7444
-2122 8633
3009 -8248
9609 -5618
-4516 -4638
-1132 775
-9144 565
8996 363
-8511 -9847
597 2978
-1954 572
-2220 -3863
4635 -6333
3086 3423
5954 270
-4141 3740
2902 8425
1709 -158
-1989 5822
2807 -5845
8069 -2568
-2404 -8671
-6853 -2717
1294 -51
712 -9681
2303 4840
8542 -3756
2175 8269
-2233 335
-5998 -913
457 -9814
-2419 -5178
5013 1785
6445 6565
7373 -2208
5780 2119
-7857 -6733
7170 1352
4163 -4266
-3828 2192
-6275 7747
8795 6794
-8593 6089
-2237 5619
-4978 -7119
-7938 3853
5950 -996
-8763 7955
7613 -1399
-4982 5063
-6294 -3533
-4235 -1145
6000 -1962
6457 -5857
-5230 3346
9010 -1257
-8811 6472
-2946 -2899
-4092 8097
9141 8734
1572 6414
774 -2019
1717 -8054
1839 2470
6370 828
-8968 -6132
-9147 4313
-9203 -9362
6842 -8826
-1929 7337
-3778 6011
-3370 -2969
-7869 -4830
-2052 -1003
9779 -3521
9384 -9870
1023 -4438
-8962 -8765
-1021 2231
-6720 -9149
-9257 -5545
-7061 5912
9076 9943
-6927 -3231
-7263 5126
-6802 -8277
7386 5301
9897 4195
8348 9367
1705 6821
7247 -6041
9809 -9197
2832 -2616
506 -3742
1434 2119
-2261 9583
3249 -5538
2423 -4946
-3957 4850
-4908 -94
1850 3163
-1133 7081
-3174 -8636
865 -5233
-5004 3656
-807 5571
-3379 -2659
8835 -5690
-9490 -7795
9677 5983
7920 -4866
-3931 -8052
2308 7059
3280 -8588
4508 2188
8522 -777
-5831 8009
7578 4166
1554 -884
-6319 -5009
-2562 4827
-4320 -2543
-9249 -315
-7149 -1778
-2197 6460
5869 -2594
-8168 7904
9217 6496
-9629 -9091
-5494 12
-7972 8875
1512 1155
-2318 -7661
-3465 5480
-6665 241
6510 5480
-5713 404
-8527 -6348
6107 355
-5708 -2384
-8804 6298
2284 -2365
-6522 3314
6035 -6065
5507 -9794
-7880 4731
7488 5265
-6815 9323
-8360 125
1950 3121
-9157 5655
-6549 -8675
-3301 -1098
-6974 336
-2445 9915
7258 7950
-6891 234
-576 -5710
5550 9494
9424 4155
-8905 -2310
3312 -796
-6693 8964
5641 -2542
-5728 4300
1187 838
8436 2018
-9699 -9326
-3434 7398
-1659 9928
-7427 2769
-6950 8910
-3191 -7183
-2053 -626
-2940 2961
-1141 4394
5332 -1417
2020 6541
-9311 2694
9493 -5668
-8771 6212
922 459
-5707 4118
2070 1580
5555 4584
-5392 -6078
8460 4777
-5945 -3309
2029 5330
-6126 892
-2435 2055
-8743 351
-9394 790
618 9784
4326 -6531
-263 7917
8485 -6712
311 -189
-110 -2345
-115 3661
-7898 -5474
-6219 -6400
3572 8615
8629 6562
532 9394
-3814 768
-3669 3708
-9075 -737
-6375 9693
-8044 -7062
8254 -4181
-377 8970
425 -7043
-1587 7732
-6689 -1974
-9548 3579
-1691 -305
393 -9529
618 -3313
5145 -1794
-4909 436
6757 -8546
-7388 4980
5147 4172
8 -3504
5751 -5497
7518 2806
7574 -9930
6176 8422
-5134 -2144
9296 8433
-5089 730
-8734 -5315
-4576 5658
5728 -4443
-2969 -5013
1118 5693
808 -8583
4507 -8428
7096 4620
-5904 7506
8167 -6542
-2536 961
8567 5973
-772 -9304
-8968 -2389
-7686 -4111
9442 -3252
6865 4620
3470 2527
3372 5229
-1262 -2931
9001 -6031
-1130 1335
3524 9342
6007 418
-6780 8744
-2632 -8592
4130 7599
-2496 -8693
-3886 -1978
-6411 5179
-1872 4783
9714 -9353
8168 -4799
4903 -9032
6913 8875
-2578 -2616
5447 9107
-9915 9978
-6861 9975
-2355 3731
7322 7957
-4898 -3771
-1265 6662
7173 1213
4053 4133
475 -237
4741 4557
-1021 -5762
1657 9184
-6785 7754
5011 -4220
-7281 -6655
-820 -313
3496 7974
-8707 -5628
-5395 8578
1955 6430
5197 -5419
2323 6793
-2760 4046
5626 6728
-5441 -9226
3727 -1264
-121 -8698
9816 -1716
4650 9369
-5258 954
8458 -2245
-8946 -9454
-2158 -3071
2292 -2777
7852 659
8534 9958
9848 516
-8190 -3684
-8496 -4862
-1099 3028
-2091 3977
9986 2525
-9964 7858
-9221 3145
-1573 -4504
4894 -142
19 -9125
-2305 1592
3001 6285
-5586 7686
2684 5418
-3803 -8366
5525 -7051
-7471 9378
-9378 -4674
-3654 -116
8497 -4400
-10000 -7306
-9602 -858
-300 8861
-7096 4989
2464 -9263
2556 -892
1332 4668
-7249 3664
7038 -3357
-3244 3724
-5563 837
-8745 -5362
6642 7233
2296 -3931
6492 277
4551 -9298
-5938 -1247
-2632 -8922
-8201 1257
8675 -8454
5678 -8071
284 -7174
-1440 -3101
-5526 9548
-3816 7236
-5595 5788
-759 2404
3825 -5391
6427 1628
3282 -3493
8975 594
-5014 7624
-9359 -6304
9462 5879
3353 4147
-6846 2820
9278 3279
-3260 -3647
824 6544
4892 1541
-1488 -2357
-9658 1758
-2714 1875
7128 8451
8703 -4905
-4802 1700
8553 -6520
-2256 -5885
6476 2393
3277 -5157
-7282 -4417
-4393 6526
-5437 7928
7882 -2787
-6160 872
6266 3105
-9670 1470
-4952 3383
-944 2805
4768 2055
8722 1590
-6061 -8955
-2788 -4069
-3348 4000
-237 -1394
-6960 9753
-9878 -2224
-1737 -9202
6161 9142
5218 -5421
3195 4654
-424 -7198
1291 9567
353 -8727
2714 -6194
-4002 -1374
-6552 -8803
-1598 2337
-8515 -6098
4433 5414
-8230 8837
-4172 -5710
9248 -1269
8822 -6570
2748 -7057
9055 7110
782 -8377
5450 5197
-2443 404
6980 -2981
5146 -5181
324 -8967
3349 2608
9185 9660
3391 6757
8021 -1128
-1163 -8031
-5044 -7828
-1339 2131
-1912 -37
8953 5765
981 -5413
6461 4790
-5212 5094
8974 9984
-4346 3598
-8959 -6760
-7386 1070
-1011 -5869
-7996 7867
-6121 8101
-118 -5927
2808 7621
3500 842
-3347 -2003
-991 -5823
-4198 -7490
-4616 6101
8795 -8640
-9223 -8463
5577 1254
-1574 520
9030 4688
1594 7589
7077 586
2014 7233
8825 1170
-4699 1966
1848 9367
-4823 -1904
9707 1597
1781 8363
6005 5980
-7906 280
2781 -4184
-1281 -4847
-3782 9420
-2667 -725
5979 -7312
6003 -1980
-3152 -199
-7133 114
-7752 6831
-4326 -8933
-5849 -9702
9815 1698
-7500 421
-2472 9791
-1411 2117
4536 8424
-4297 7475
7369 -3797
5718 -9611
-6038 -2018
-2604 283
5093 -2195
8482 -9724
6664 -5742
5737 -6559
-9411 -8253
-3237 753
776 9093
-4837 -1524
-1827 -6017
2150 -9732
-292 -3031
6460 4453
-150 -381
-3985 -7580
-2579 6210
8711 -1195
3139 -4059
-2609 2223
-9600 7046
-9633 -7861
-5150 -2516
6215 162
7922 1052
3029 -5836
1242 1616
5572 2084
-2563 3680
193 2912
1495 -3843
-1573 1727
-429 1021
-7354 8452
-9949 3024
1483 5183
-6561 -9839
-8688 -718
-2883 1368
8863 2928
-3959 12
5398 -8287
-1983 2230
-4533 8035
-3952 -6704
-1734 2859
901 7836
8140 4105
-7825 -9646
4773 8841
-3881 -9199
-1237 3478
-4998 599
8590 -8263
3490 -1364
5880 9247
8000 -4136
-4974 6328
-7833 -3980
-5136 7132
9896 8670
1658 -6328
-6554 8550
-2888 9574
4149 -1435
-8486 -5909
4628 -3058
9793 2969
3620 -3428
6861 2021
3524 2699
-1372 -9901
-5685 -6141
-5252 -8067
-9215 7983
-571 9811
9785 6764
7958 -7460
7087 5437
5554 2106
4378 8379
-7337 1515
367 7785
-445 7276
2962 5413
-8637 -4775
-1383 7195
1657 -8368
-2690 9844
361 -6541
-8575 1899
-5056 -7861
664 -9728
1762 -8182
-2220 -2938
-882 -2103
-4558 8631
-5392 6608
3290 -6521
-6780 5428
-8489 8821
-9950 9690
9043 -2242
8650 -8166
-2769 -1460
-7604 3743
1436 4908
-5804 8586
2201 2077
4081 -4490
-9047 3428
-863 8599
-1552 2077
8891 9884
-9078 1100
4152 7091
3080 9425
-7042 1099
1607 -8167
7883 2261
7535 -8943
-4902 -700
-4826 2742
2293 8947
8526 1000
6104 -4251
-1982 9149
7741 9576
1480 9937
-310 2707
2130 2043
6643 3822
1175 91
6828 -6031
3242 9968
-3952 9093
-7980 -7386
-6649 -6458
-1901 2028
-9417 -758
3437 7556
-5334 -9029
4338 -7213
7800 -3232
-850 -9032
9361 -2310
4232 -839
-2775 -9398
-261 -5575
-9536 9392
-3026 7719
7117 -626
3953 7728
4102 7115
-7722 -2285
-1009 -525
2186 -7243
3965 5979
-5873 7851
-7675 -2493
1175 -8139
-5211 -1804
-5697 -885
-6449 -6615
4902 -8914
7246 9099
2088 -2591
3094 8468
7035 9265
-1556 -6348
-2043 -5137
-9521 5362
-5864 7999
2498 4650
8555 -4759
6808 8309
-2409 -532
5306 -538
-5493 6226
-7337 593
8652 -8001
-1495 -5850
-3348 -9501
-1952 -7557
9189 -3281
77 2920
-3469 -4444
-5939 8811
6475 6919
8144 -1013
2684 -7248
-9787 1082
2049 2466
9668 7188
7295 3445
-2217 6020
-7423 -2097
-2554 3462
-8594 -4911
9566 1927
3716 7533
-7459 -2648
4051 3830
1692 482
-3784 -2480
9401 -7293
-6284 5222
7008 5366
4457 378
2838 -4959
-911 -1546
-6462 -2424
3514 -3966
-1352 3311
6146 6863
-7581 -6404
-4022 4816
4591 -3077
8026 8424
4656 3803
-4174 2622
-3470 -9771
-2872 -8275
-9442 -4531
8995 7448
1701 -6030
9235 -3237
-4756 -9857
6570 1628
4468 2212
6523 -1056
-7515 -9826
4750 -7301
2711 4835
-1603 -97
-7107 -1510
3630 3285
-8434 7494
-3859 2474
-2319 -4732
-2172 3872
-2940 -1206
282 7366
-6199 4271
8166 9538
-5810 -8759
-7601 -2358
2872 1970
-1854 2674
1643 4932
-82 2079
2872 2563
2303 6906
6467 9946
-1195 -7232
7151 -6435
-1568 1879
3625 -9747
-6598 -6501
3822 7099
9281 -9257
2906 4324
6608 -4529
-6994 -8614
7866 -5255
157 -5341
-6686 -4212
1235 5882
4025 -7120
-5278 3284
-491 -9707
-8757 4285
9194 6464
8038 6913
-7449 -7680
5485 -8058
-9520 9791
8555 -8746
-2828 -9932
-68 -1157
-5622 6037
9569 6083
-3923 -2903
-1244 -7005
1841 6587
-7262 4216
800 -4181
2169 8040
-9354 7327
-6865 -1945
6357 3319
-3076 -7178
-3802 -9218
-362 1510
-1971 -5156
5271 -2662
-5945 -7672
-5331 -3063
963 -4837
1822 4803
-5030 -5536
341 9259
1388 -4505
621 4195
-1511 -1831
-5159 -8026
-1128 -3387
-1426 -594
-9 2521
-7154 -2731
-4080 6477
1682 -6311
-4507 -2951
7379 4313
1560 -1018
-5643 476
5865 3874
1872 -9167
9996 2765
-2692 528
4006 -5519
-4840 1471
5220 2670
7927 -2159
-7432 -6029
5960 -8310
-7727 489
-5823 -5091
4950 9545
-8921 -682
-8097 5678
-2851 -1933
7441 421
4518 9773
5267 2945
9432 6101
-9007 5995
-3009 -6055
-5651 3670
-6325 -699
7260 5232
9720 -3610
-8892 9205
1624 -4277
976 -7298
8479 -4796
9390 8503
6794 6444
7590 6413
-4404 5827
7191 9190
-9833 -5452
3599 9387
2340 438
-3322 -864
-3521 -5587
-9960 -9291
-3151 -3920
7485 7669
-4885 2149
5575 5243
-1619 9289
-9896 8260
4752 -9620
-3427 3935
7766 -2600
5258 -4415
3884 -7662
-3917 2934
4920 -3430
-1147 4018
-8987 -2835
-7617 -443
8169 6858
1968 -8884
-7121 -1871
782 -6620
6949 3750
7312 9978
-3164 3317
-2775 -2562
-5737 -720
-5374 -5546
-85 1108
914 -337
-878 7978
-7556 -6130
-3469 1993
5157 1028
-7791 7192
2801 2176
-9962 -6511
-1863 6206
4221 1985
-3029 -6307
-2471 589
6975 -8242
4772 7726
-3695 -151
4776 -9635
-1345 570
-2300 9257
-6592 6008
-9668 -4123
6175 -5482
-3488 -257
-5772 563
5174 -1269
6397 -1332
-8666 7614
6398 -7503
-8093 7606
6450 -6828
-1519 -5385
-7476 -4739
1975 6160
9839 8091
-8637 2140
-6266 -1290
4468 3493
-7584 7904
-9336 -4957
-180 9802
1602 -7903
6605 1938
-8617 4320
6299 6457
-8554 -9739
1654 6131
-5742 3278
-4697 216
8525 6483
-2188 -1993
-4670 5287
-5344 -8086
-5585 9261
509 -1051
6301 -4921
-1009 4552
-5490 -1255
9054 -7820
9090 5772
567 -1734
-1626 -8753
32 -5329
-230 6232
-746 -7972
-8260 -1976
4389 -8527
8598 -3987
1251 -6855
7201 -255
-2711 -7703
5333 6031
6063 -6797
1998 -3083
-4157 6839
-9540 -923
-698 3128
9447 -7770
-7197 -4148
-4035 -9864
-5107 6446
-4550 6965
-8941 -1810
3827 1874
9411 -473
-1889 4709
-5031 -2479
-2046 5376
2401 6477
7383 -9317
7089 2846
3961 -9104
-6628 -8937
2734 -5344
7540 -2001
-8687 4275
4287 6161
8378 2077
2069 -5712
4524 9595
-3917 8664
-6117 -6883
9215 -6176
1336 -9026
9209 6843
-5541 -1266
1786 -3059
-84 -7247
-7796 -69
-1714 992
8902 1787
5992 3693
6402 4555
-1840 4547
9404 -8643
150 -8852
-9047 -8976
971 9549
-1934 -7846
4717 -6420
-4596 -8895
-432 9874
-8491 -1143
4138 -3830
-4308 -889
186 -1879
-3219 6132
4086 8552
-9815 4606
-1391 8237
-3874 -5224
8389 -7416
-1320 9426
-1470 3801
1987 9379
-6733 9455
492 -7966
-5271 7146
-5837 -7979
-1178 -7582
-6897 7424
-9400 1313
-3618 -1185
2897 -1973
6407 7631
-2929 -9570
-2162 7654
-884 -3500
-6477 5443
-9196 -2747
-632 7168
3774 3818
-1939 484
-1478 7836
-6710 3477
-427 -5093
-248 9002
-5876 9386
7340 -929
4843 9720
-7215 4354
4096 -3462
-6559 426
0 -9229
-2896 3847
-2795 2421
-6027 -8012
-6300 -3967
7109 1001
-5609 4811
-690 3213
-5845 -4743
557 8937
5336 -1430
-500 -5896
-7976 -4749
3260 -2310
-330 9893
-7734 -8408
-8907 7274
-383 9377
-3750 -4370
1597 -9245
7447 -4230
9255 758
9396 -5317
-9230 -9182
-740 3777
-3120 1344
-6303 7684
5841 7566
5005 8673
-390 -4836
-9305 -4510
-450 6820
-4354 7004
-3108 -3849
7061 4626
3028 -1455
1547 -8169
-665 -850
518 -9168
4842 -8457
-8293 5495
-5146 -6443
828 1884
3824 -5466
-1026 5766
9120 3852
-3898 5175
48 1891
7088 5998
1715 3979
-9604 -6906
1871 67
-7531 -2756
5528 -3753
1151 7022
9707 8880
6717 -6690
2403 4618
-1220 -6730
-5988 5059
9535 -4091
930 7790
-5977 4071
9172 -6937
6815 355
3835 1666
3458 7278
-511 -452
5097 -5554
2864 7315
-4587 -5063
6056 2770
8853 -6949
-5093 -3740
-1195 5461
3337 -7799
3043 8611
-748 -8570
9311 214
9567 -3177
7326 -2400
7752 1120
8827 3151
-3426 -2783
-3333 2128
-7391 -9209
-197 6773
-9387 8095
2744 -7055
4290 -58
6651 -1313
5772 3228
7647 -9149
-951 -7017
-4064 968
-6812 -6604
2402 -2039
2958 -5336
-2821 6635
8315 -7692
3134 -6873
4096 -6857
-5563 -6362
-5817 -1315
-1766 -2300
9452 3670
4706 727
5752 -927
-3961 -4695
343 7335
-2144 -9247
-9160 -5884
863 2113
-6272 -481
-6826 -216
-8404 -1925
-6297 4790
673 3655
1767 -7344
-3823 -2864
-4561 7002
-8243 -6890
-4865 1889
769 -6949
3502 1275
-559 -4808
-2542 1093
7214 -9206
1960 5068
-4172 -3575
673 1896
-5149 -7494
4266 9570
9848 -8486
2038 6231
-9848 6490
458 9556
8473 -9397
8100 6785
1436 -9201
-567 -2566
2570 1934
9770 1848
6906 3530
1522 -1585
5597 8138
5583 3760
7254 -845
4282 -5553
3097 7285
-5532 8127
-5121 449
-6177 -9383
3843 8473
3815 2971
-355 287
-7605 8109
7256 7983
-1156 -2401
2289 -5943
8912 9646
8654 1254
-1965 -3035
1497 1932
-948 7744
-5672 -5892
-6713 -5460
-7221 -9975
2308 -8598
1761 -1533
-4229 -4685
1494 -9647
5001 -9451
685 -67
8956 8860
-9274 -2358
7448 -6644
-6307 480
6787 -150
-9633 6344
9075 -3206
2601 6803
5970 -8958
6591 -9516
-5717 7534
-7451 4558
-4652 6413
4797 -7992
-4969 4793
3934 382
3391 -7084
2574 -8655
3740 -9395
5884 -4578
3890 -3230
700 1867
-732 3680
2560 -8355
793 6277
-5649 4744
-6840 -8057
6628 4574
-6170 -2675
-6074 969
8265 -3717
2367 9459
7223 427
3932 4482
7920 9078
3616 3458
8757 -5997
6405 1850
-5549 2902
-6288 8640
2000 -230
9904 -2008
-3983 -8487
-4877 -6569
9445 6935
-7932 8503
-6222 7551
-5404 5059
1210 -4699
-9564 7330
-8279 4235
5661 6896
9790 8959
-8307 2648
-8140 -6527
-817 1630
-5589 -8925
-7467 7000
-2280 -4631
8292 -6691
-8186 -8241
-117 -4746
3783 -6518
2081 -1583
7099 4935
4603 -7148
-677 -6033
-7385 -2834
-9053 -3956
681 2057
1818 -1787
5199 3740
6463 -4379
-8686 -3107
-8942 5946
4428 -3629
-4933 730
-6672 -6614
-5829 3871
-9878 -2560
-3378 6291
692 -5092
1594 6951
4306 -3074
1270 285
-8340 -4783
-3622 3141
-4539 -7587
9983 5668
-5060 -1862
-3982 9137
9407 5375
-678 -518
-4698 -8297
-5117 4035
7603 9045
-2553 -6578
5956 -4161
1081 -8202
402 1925
-5235 -1323
-4022 757
583 -6874
-4698 3431
-7010 1605
-5625 -9005
-2099 -206
-7888 8579
-1066 -1324
-8254 7330
-7949 4602
3664 7476
6459 6237
-1666 6879
2413 -3743
-4645 9831
-4869 9178
-296 6168
-8298 -8853
7204 1820
1810 9994
-3483 -2516
8918 -6400
3221 -9213
-2653 -9940
1687 -8818
-9217 3943
-652 8800
5404 6114
-4873 1602
4265 -5493
-3583 -2008
-7403 -1649
-2679 -3874
2971 -647
-4012 801
1871 1273
-243 7978
7939 -5568
-4607 2213
-9514 4807
9849 -9056
9722 -3985
-3691 -3073
7520 -3582
3650 2188
-3262 9913
5047 4523
3853 -3336
-6510 -7124
8009 -7212
-9110 -2374
-8665 8660
528 -8208
3590 -2987
-6009 -9109
-1375 8519
-3139 2427
5432 7317
485 -7853
6522 -6494
6387 -4929
300 -3185
-237 3605
5849 -263
-4922 3077
-4843 -8609
2714 -7958
2479 -2463
-1884 2402
8211 -349
-5251 -1670
4922 -8655
-6090 -1565
-7921 4669
6361 3905
-1538 8164
-9986 6721
4730 -5873
-8697 714
-9077 -1002
7737 2253
723 894
-7529 -9289
5084 -190
-5892 -763
2592 -7601
1013 5878
4307 5706
7577 2236
5521 4813
9030 -4852
2176 -6226
-7431 -5802
-1310 -3776
-4407 1934
8505 178
-6560 7464
-9738 1046
-3145 -349
-7967 -3139
-6259 6108
-3169 9629
-8412 4451
-4606 6292
-3463 9610
-2701 4006
9534 -8966
9076 -509
-7403 -2272
1045 8196
6443 -7739
6262 7571
-9074 9467
-4748 -7958
-9267 2771
-7535 -8876
5546 -1205
-5180 7216
8158 -8668
2618 -9483
202 8210
-5208 -3377
726 -8211
4239 8390
5640 9829
2954 -6881
9570 -4590
1590 -9412
-4776 7561
1310 -4673
-2708 4650
5251 9901
8296 5750
-5148 621
-1288 -2497
-3888 8399
-4415 -7337
3973 4681
-9950 -4534
-1405 -6659
6213 6440
2515 -5482
-5534 4250
-275 8913
81 -1482
-4533 9081
9801 8590
7304 -9494
-102 8770
4659 -3497
9731 7574
-1834 9384
6097 -2882
222 3675
-9866 8501
-5690 -406
6305 -7155
-6172 -115
4191 1921
2192 1718
6765 -4505
8749 9019
8313 -8383
9525 -5999
8181 -8622
1765 1587
-7498 -4210
-3646 2114
5871 7050
-1914 -4314
-987 -4782
-2389 -7597
-9681 -6631
-429 6823
2765 4523
3762 -881
-6111 2783
8504 -3542
-6610 -3480
-7009 -5147
5387 3530
8269 -3867
-1820 -7382
-282 -6973
8718 1343
-1838 2449
-6427 7844
-6138 -3109
-4540 3151
7026 8233
607 7195
-2138 4993
-864 -1214
9826 -4535
5725 -6329
56 -822
-4493 -9617
3648 -880
1569 -3409
-136 5197
-3741 8097
9270 158
-3608 -6288
6444 6470
-7661 3699
7638 3894
-2421 6231
8738 7438
-1633 -1644
-5059 9980
8186 -9311
-3338 -6621
1662 -4380
6449 1560
-8224 -3134
-1365 6822
-2016 -7404
-1307 -9295
-7964 6618
-9297 1751
-1680 5930
7314 147
9476 -9887
-2535 -4805
5681 5370
-6659 -8215
2937 -2564
-8692 1494
6338 -7635
1430 -1054
-2889 -987
-8365 -3567
-7748 765
-4044 -8977
-6901 -1114
-4764 -7404
16 -6538
-8805 5027
-579 1182
-5280 -5588
-5493 -2761
-2697 6673
-5490 -3046
-3826 102
2611 -274
6400 -879
9560 3420
9285 -6031
-6200 -5217
-6409 -4932
-2285 -2280
1888 -2176
-7706 573
-955 -2966
11 -1199
1993 -3227
3296 6959
3551 539
6188 4448
4913 -5353
1732 -4148
4518 -1782
-5671 5165
6419 -7636
2202 -6625
-7487 1339
206 7667
9558 -8289
6438 3107
-4765 9230
5763 -3072
1322 -8245
-8700 743
-631 -9048
-6711 6930
1639 4397
6441 -1494
7226 1201
-916 4602
5779 9445
5894 479
-4793 -6960
-3023 1020
2010 -4427
5637 -4886
-5238 3441
-41 4941
-1003 -9888
844 -3167
4040 -4993
-8488 -2061
-2458 1388
-3145 4044
-4655 -7639
-6330 -5976
6392 -5056
1727 4133
-5540 3648
-1744 5143
6912 1414
-4841 88
3853 8855
-2660 -4419
1312 553
-4917 -9149
-5391 -990
5836 9416
-4959 8952
-3327 -2569
1758 -9705
-1413 5851
-8619 -4063
-8135 3732
9910 4303
7775 8808
9693 -8394
-3793 6160
-3390 -3867
6470 5331
6174 -342
-1387 -6863
-200 -8267
1786 533
-5845 -5771
-741 7950
6710 -5282
5823 -4745
7841 8331
-9207 -8847
9190 -3392
6545 3570
-6781 -183
5281 8727
2587 5086
9961 5429
4995 9320
9919 -5491
-9040 -483
6295 -3746
-6405 2151
3098 1493
3885 6818
2918 -4993
4365 -4028
4258 2015
-1213 7256
796 378
8648 -4861
-4415 9616
1356 5991
4249 -91
3972 -7035
5852 -3267
6574 -2371
1877 8391
-4062 -9422
-1935 9360
855 6985
7620 -7816
654 -6225
7257 8098
6655 6170
-3981 5124
1151 5704
-7132 9215
-6581 7172
-6423 5224
2931 8487
5121 -8603
4741 3482
1353 -9965
2133 -9446
-8107 -828
1255 -3116
-1524 -6554
-3463 7792
5024 -5506
1967 6603
-4951 7412
8700 -5444
-6690 -8504
-3671 -1896
3663 9602
-890 6992
-8895 -1913
3819 -2952
8455 -7513
6313 -4861
9465 9460
-2319 -8374
3316 8397
-6815 4587
-1522 -328
8263 4974
-5036 -4434
1139 9603
-9438 5647
4349 7847
381 -9673
1200 -7834
-8079 1801
-9102 -4166
2755 -2681
7344 401
-7950 4612
4427 3693
-3634 -5520
9977 -7868
-9227 -5133
4794 8200
838 6741
8664 7585
2820 2361
8025 2646
6249 -3830
8197 -9269
5220 7886
2222 4356
5072 1879
-8480 2408
-4973 6328
-4345 -6815
5968 -9355
